(kicad_pcb (version 20171130) (host pcbnew "(5.1.7)-1")

  (general
    (thickness 1.6002)
    (drawings 6)
    (tracks 0)
    (zones 0)
    (modules 109)
    (nets 94)
  )

  (page USLetter)
  (title_block
    (rev 1)
  )

  (layers
    (0 Front signal)
    (31 Back signal)
    (34 B.Paste user)
    (35 F.Paste user)
    (36 B.SilkS user)
    (37 F.SilkS user)
    (38 B.Mask user)
    (39 F.Mask user)
    (44 Edge.Cuts user)
    (45 Margin user)
    (46 B.CrtYd user)
    (47 F.CrtYd user)
    (49 F.Fab user)
  )

  (setup
    (last_trace_width 0.1524)
    (user_trace_width 0.254)
    (user_trace_width 0.508)
    (user_trace_width 0.762)
    (trace_clearance 0.1524)
    (zone_clearance 0.508)
    (zone_45_only no)
    (trace_min 0.1524)
    (via_size 0.508)
    (via_drill 0.254)
    (via_min_size 0.508)
    (via_min_drill 0.254)
    (user_via 0.6858 0.3302)
    (user_via 0.889 0.381)
    (uvia_size 0.6858)
    (uvia_drill 0.254)
    (uvias_allowed no)
    (uvia_min_size 0)
    (uvia_min_drill 0)
    (edge_width 0.0381)
    (segment_width 0.254)
    (pcb_text_width 0.3048)
    (pcb_text_size 1.524 1.524)
    (mod_edge_width 0.127)
    (mod_text_size 0.762 0.762)
    (mod_text_width 0.127)
    (pad_size 1.524 1.524)
    (pad_drill 0.762)
    (pad_to_mask_clearance 0.0508)
    (aux_axis_origin 0 0)
    (visible_elements 7FFFFFFF)
    (pcbplotparams
      (layerselection 0x010fc_ffffffff)
      (usegerberextensions false)
      (usegerberattributes false)
      (usegerberadvancedattributes false)
      (creategerberjobfile false)
      (excludeedgelayer true)
      (linewidth 0.152400)
      (plotframeref false)
      (viasonmask false)
      (mode 1)
      (useauxorigin false)
      (hpglpennumber 1)
      (hpglpenspeed 20)
      (hpglpendiameter 15.000000)
      (psnegative false)
      (psa4output false)
      (plotreference true)
      (plotvalue false)
      (plotinvisibletext false)
      (padsonsilk false)
      (subtractmaskfromsilk true)
      (outputformat 1)
      (mirror false)
      (drillshape 0)
      (scaleselection 1)
      (outputdirectory "./gerbers"))
  )

  (net 0 "")
  (net 1 COL1)
  (net 2 "Net-(D1-Pad2)")
  (net 3 "Net-(D2-Pad2)")
  (net 4 "Net-(D3-Pad2)")
  (net 5 "Net-(D4-Pad2)")
  (net 6 "Net-(D5-Pad2)")
  (net 7 "Net-(D6-Pad2)")
  (net 8 COL2)
  (net 9 "Net-(D7-Pad2)")
  (net 10 "Net-(D8-Pad2)")
  (net 11 "Net-(D9-Pad2)")
  (net 12 "Net-(D10-Pad2)")
  (net 13 "Net-(D11-Pad2)")
  (net 14 COL3)
  (net 15 "Net-(D12-Pad2)")
  (net 16 "Net-(D13-Pad2)")
  (net 17 "Net-(D14-Pad2)")
  (net 18 "Net-(D15-Pad2)")
  (net 19 "Net-(D16-Pad2)")
  (net 20 COL4)
  (net 21 "Net-(D17-Pad2)")
  (net 22 "Net-(D18-Pad2)")
  (net 23 "Net-(D19-Pad2)")
  (net 24 "Net-(D20-Pad2)")
  (net 25 "Net-(D21-Pad2)")
  (net 26 COL5)
  (net 27 "Net-(D22-Pad2)")
  (net 28 "Net-(D23-Pad2)")
  (net 29 "Net-(D24-Pad2)")
  (net 30 "Net-(D25-Pad2)")
  (net 31 "Net-(D26-Pad2)")
  (net 32 COL6)
  (net 33 "Net-(D27-Pad2)")
  (net 34 "Net-(D28-Pad2)")
  (net 35 "Net-(D29-Pad2)")
  (net 36 "Net-(D30-Pad2)")
  (net 37 COL7)
  (net 38 "Net-(D31-Pad2)")
  (net 39 "Net-(D32-Pad2)")
  (net 40 "Net-(D33-Pad2)")
  (net 41 "Net-(D34-Pad2)")
  (net 42 "Net-(D35-Pad2)")
  (net 43 COL8)
  (net 44 "Net-(D36-Pad2)")
  (net 45 "Net-(D37-Pad2)")
  (net 46 "Net-(D38-Pad2)")
  (net 47 "Net-(D39-Pad2)")
  (net 48 "Net-(D40-Pad2)")
  (net 49 COL9)
  (net 50 "Net-(D41-Pad2)")
  (net 51 "Net-(D42-Pad2)")
  (net 52 "Net-(D43-Pad2)")
  (net 53 "Net-(D44-Pad2)")
  (net 54 "Net-(D45-Pad2)")
  (net 55 COL10)
  (net 56 "Net-(D46-Pad2)")
  (net 57 "Net-(D47-Pad2)")
  (net 58 "Net-(D48-Pad2)")
  (net 59 "Net-(D49-Pad2)")
  (net 60 GND)
  (net 61 +5V)
  (net 62 BTN_PWR)
  (net 63 "Net-(J1-Pad18)")
  (net 64 "Net-(J1-Pad17)")
  (net 65 ROW5)
  (net 66 ROW4)
  (net 67 ROW3)
  (net 68 ROW2)
  (net 69 ROW1)
  (net 70 "Net-(J1-Pad1)")
  (net 71 "Net-(J2-Pad2)")
  (net 72 LBO)
  (net 73 LCD_CS)
  (net 74 LCD_RESET)
  (net 75 LCD_DC)
  (net 76 LCD_MOSI)
  (net 77 LCD_SCK)
  (net 78 LCD_BACKLIGHT)
  (net 79 LCD_MISO)
  (net 80 LCD_T_CLK)
  (net 81 LCD_T_CS)
  (net 82 LCD_T_DIN)
  (net 83 LCD_T_DO)
  (net 84 LCD_T_IRQ)
  (net 85 SD_CS)
  (net 86 SD_MOSI)
  (net 87 SD_MISO)
  (net 88 SD_SCK)
  (net 89 EN)
  (net 90 "Net-(J2-Pad21)")
  (net 91 "Net-(J3-Pad1)")
  (net 92 "Net-(J3-Pad2)")
  (net 93 "Net-(J3-Pad3)")

  (net_class Default "This is the default net class."
    (clearance 0.1524)
    (trace_width 0.1524)
    (via_dia 0.508)
    (via_drill 0.254)
    (uvia_dia 0.6858)
    (uvia_drill 0.254)
    (diff_pair_width 0.1524)
    (diff_pair_gap 0.1524)
    (add_net +5V)
    (add_net BTN_PWR)
    (add_net COL1)
    (add_net COL10)
    (add_net COL2)
    (add_net COL3)
    (add_net COL4)
    (add_net COL5)
    (add_net COL6)
    (add_net COL7)
    (add_net COL8)
    (add_net COL9)
    (add_net EN)
    (add_net GND)
    (add_net LBO)
    (add_net LCD_BACKLIGHT)
    (add_net LCD_CS)
    (add_net LCD_DC)
    (add_net LCD_MISO)
    (add_net LCD_MOSI)
    (add_net LCD_RESET)
    (add_net LCD_SCK)
    (add_net LCD_T_CLK)
    (add_net LCD_T_CS)
    (add_net LCD_T_DIN)
    (add_net LCD_T_DO)
    (add_net LCD_T_IRQ)
    (add_net "Net-(D1-Pad2)")
    (add_net "Net-(D10-Pad2)")
    (add_net "Net-(D11-Pad2)")
    (add_net "Net-(D12-Pad2)")
    (add_net "Net-(D13-Pad2)")
    (add_net "Net-(D14-Pad2)")
    (add_net "Net-(D15-Pad2)")
    (add_net "Net-(D16-Pad2)")
    (add_net "Net-(D17-Pad2)")
    (add_net "Net-(D18-Pad2)")
    (add_net "Net-(D19-Pad2)")
    (add_net "Net-(D2-Pad2)")
    (add_net "Net-(D20-Pad2)")
    (add_net "Net-(D21-Pad2)")
    (add_net "Net-(D22-Pad2)")
    (add_net "Net-(D23-Pad2)")
    (add_net "Net-(D24-Pad2)")
    (add_net "Net-(D25-Pad2)")
    (add_net "Net-(D26-Pad2)")
    (add_net "Net-(D27-Pad2)")
    (add_net "Net-(D28-Pad2)")
    (add_net "Net-(D29-Pad2)")
    (add_net "Net-(D3-Pad2)")
    (add_net "Net-(D30-Pad2)")
    (add_net "Net-(D31-Pad2)")
    (add_net "Net-(D32-Pad2)")
    (add_net "Net-(D33-Pad2)")
    (add_net "Net-(D34-Pad2)")
    (add_net "Net-(D35-Pad2)")
    (add_net "Net-(D36-Pad2)")
    (add_net "Net-(D37-Pad2)")
    (add_net "Net-(D38-Pad2)")
    (add_net "Net-(D39-Pad2)")
    (add_net "Net-(D4-Pad2)")
    (add_net "Net-(D40-Pad2)")
    (add_net "Net-(D41-Pad2)")
    (add_net "Net-(D42-Pad2)")
    (add_net "Net-(D43-Pad2)")
    (add_net "Net-(D44-Pad2)")
    (add_net "Net-(D45-Pad2)")
    (add_net "Net-(D46-Pad2)")
    (add_net "Net-(D47-Pad2)")
    (add_net "Net-(D48-Pad2)")
    (add_net "Net-(D49-Pad2)")
    (add_net "Net-(D5-Pad2)")
    (add_net "Net-(D6-Pad2)")
    (add_net "Net-(D7-Pad2)")
    (add_net "Net-(D8-Pad2)")
    (add_net "Net-(D9-Pad2)")
    (add_net "Net-(J1-Pad1)")
    (add_net "Net-(J1-Pad17)")
    (add_net "Net-(J1-Pad18)")
    (add_net "Net-(J2-Pad2)")
    (add_net "Net-(J2-Pad21)")
    (add_net "Net-(J3-Pad1)")
    (add_net "Net-(J3-Pad2)")
    (add_net "Net-(J3-Pad3)")
    (add_net ROW1)
    (add_net ROW2)
    (add_net ROW3)
    (add_net ROW4)
    (add_net ROW5)
    (add_net SD_CS)
    (add_net SD_MISO)
    (add_net SD_MOSI)
    (add_net SD_SCK)
  )

  (module Diodes_SMD:SOD-123 (layer Front) (tedit 5530FCB9) (tstamp 61CA3CBB)
    (at 135.5 50 270)
    (descr SOD-123)
    (tags SOD-123)
    (path /61C968C2)
    (attr smd)
    (fp_text reference D1 (at 0 -2 90) (layer F.SilkS)
      (effects (font (size 1 1) (thickness 0.15)))
    )
    (fp_text value D (at 0 2.1 90) (layer F.Fab)
      (effects (font (size 1 1) (thickness 0.15)))
    )
    (fp_line (start -2 -0.9) (end 1.54 -0.9) (layer F.SilkS) (width 0.15))
    (fp_line (start -2 0.9) (end 1.54 0.9) (layer F.SilkS) (width 0.15))
    (fp_line (start -2.25 -1.05) (end -2.25 1.05) (layer F.CrtYd) (width 0.05))
    (fp_line (start 2.25 1.05) (end -2.25 1.05) (layer F.CrtYd) (width 0.05))
    (fp_line (start 2.25 -1.05) (end 2.25 1.05) (layer F.CrtYd) (width 0.05))
    (fp_line (start -2.25 -1.05) (end 2.25 -1.05) (layer F.CrtYd) (width 0.05))
    (fp_line (start -0.3175 -0.508) (end -0.3175 0.508) (layer F.SilkS) (width 0.15))
    (fp_line (start 0.3175 0.381) (end -0.3175 0) (layer F.SilkS) (width 0.15))
    (fp_line (start 0.3175 -0.381) (end 0.3175 0.381) (layer F.SilkS) (width 0.15))
    (fp_line (start -0.3175 0) (end 0.3175 -0.381) (layer F.SilkS) (width 0.15))
    (fp_line (start -0.6985 0) (end -0.3175 0) (layer F.SilkS) (width 0.15))
    (fp_line (start 0.3175 0) (end 0.6985 0) (layer F.SilkS) (width 0.15))
    (pad 1 smd rect (at -1.635 0 270) (size 0.91 1.22) (layers Front F.Paste F.Mask)
      (net 1 COL1))
    (pad 2 smd rect (at 1.635 0 270) (size 0.91 1.22) (layers Front F.Paste F.Mask)
      (net 2 "Net-(D1-Pad2)"))
  )

  (module Diodes_SMD:SOD-123 (layer Front) (tedit 5530FCB9) (tstamp 61CA3CCD)
    (at 150.5 50 270)
    (descr SOD-123)
    (tags SOD-123)
    (path /61C99957)
    (attr smd)
    (fp_text reference D2 (at 0 -2 90) (layer F.SilkS)
      (effects (font (size 1 1) (thickness 0.15)))
    )
    (fp_text value D (at 0 2.1 90) (layer F.Fab)
      (effects (font (size 1 1) (thickness 0.15)))
    )
    (fp_line (start -2 -0.9) (end 1.54 -0.9) (layer F.SilkS) (width 0.15))
    (fp_line (start -2 0.9) (end 1.54 0.9) (layer F.SilkS) (width 0.15))
    (fp_line (start -2.25 -1.05) (end -2.25 1.05) (layer F.CrtYd) (width 0.05))
    (fp_line (start 2.25 1.05) (end -2.25 1.05) (layer F.CrtYd) (width 0.05))
    (fp_line (start 2.25 -1.05) (end 2.25 1.05) (layer F.CrtYd) (width 0.05))
    (fp_line (start -2.25 -1.05) (end 2.25 -1.05) (layer F.CrtYd) (width 0.05))
    (fp_line (start -0.3175 -0.508) (end -0.3175 0.508) (layer F.SilkS) (width 0.15))
    (fp_line (start 0.3175 0.381) (end -0.3175 0) (layer F.SilkS) (width 0.15))
    (fp_line (start 0.3175 -0.381) (end 0.3175 0.381) (layer F.SilkS) (width 0.15))
    (fp_line (start -0.3175 0) (end 0.3175 -0.381) (layer F.SilkS) (width 0.15))
    (fp_line (start -0.6985 0) (end -0.3175 0) (layer F.SilkS) (width 0.15))
    (fp_line (start 0.3175 0) (end 0.6985 0) (layer F.SilkS) (width 0.15))
    (pad 1 smd rect (at -1.635 0 270) (size 0.91 1.22) (layers Front F.Paste F.Mask)
      (net 1 COL1))
    (pad 2 smd rect (at 1.635 0 270) (size 0.91 1.22) (layers Front F.Paste F.Mask)
      (net 3 "Net-(D2-Pad2)"))
  )

  (module Diodes_SMD:SOD-123 (layer Front) (tedit 5530FCB9) (tstamp 61CA3CDF)
    (at 165.5 50 270)
    (descr SOD-123)
    (tags SOD-123)
    (path /61C9E96E)
    (attr smd)
    (fp_text reference D3 (at 0 -2 90) (layer F.SilkS)
      (effects (font (size 1 1) (thickness 0.15)))
    )
    (fp_text value D (at 0 2.1 90) (layer F.Fab)
      (effects (font (size 1 1) (thickness 0.15)))
    )
    (fp_line (start -2 -0.9) (end 1.54 -0.9) (layer F.SilkS) (width 0.15))
    (fp_line (start -2 0.9) (end 1.54 0.9) (layer F.SilkS) (width 0.15))
    (fp_line (start -2.25 -1.05) (end -2.25 1.05) (layer F.CrtYd) (width 0.05))
    (fp_line (start 2.25 1.05) (end -2.25 1.05) (layer F.CrtYd) (width 0.05))
    (fp_line (start 2.25 -1.05) (end 2.25 1.05) (layer F.CrtYd) (width 0.05))
    (fp_line (start -2.25 -1.05) (end 2.25 -1.05) (layer F.CrtYd) (width 0.05))
    (fp_line (start -0.3175 -0.508) (end -0.3175 0.508) (layer F.SilkS) (width 0.15))
    (fp_line (start 0.3175 0.381) (end -0.3175 0) (layer F.SilkS) (width 0.15))
    (fp_line (start 0.3175 -0.381) (end 0.3175 0.381) (layer F.SilkS) (width 0.15))
    (fp_line (start -0.3175 0) (end 0.3175 -0.381) (layer F.SilkS) (width 0.15))
    (fp_line (start -0.6985 0) (end -0.3175 0) (layer F.SilkS) (width 0.15))
    (fp_line (start 0.3175 0) (end 0.6985 0) (layer F.SilkS) (width 0.15))
    (pad 1 smd rect (at -1.635 0 270) (size 0.91 1.22) (layers Front F.Paste F.Mask)
      (net 1 COL1))
    (pad 2 smd rect (at 1.635 0 270) (size 0.91 1.22) (layers Front F.Paste F.Mask)
      (net 4 "Net-(D3-Pad2)"))
  )

  (module Diodes_SMD:SOD-123 (layer Front) (tedit 5530FCB9) (tstamp 61CA3CF1)
    (at 180.5 50 270)
    (descr SOD-123)
    (tags SOD-123)
    (path /61C9E98F)
    (attr smd)
    (fp_text reference D4 (at 0 -2 90) (layer F.SilkS)
      (effects (font (size 1 1) (thickness 0.15)))
    )
    (fp_text value D (at 0 2.1 90) (layer F.Fab)
      (effects (font (size 1 1) (thickness 0.15)))
    )
    (fp_line (start -2 -0.9) (end 1.54 -0.9) (layer F.SilkS) (width 0.15))
    (fp_line (start -2 0.9) (end 1.54 0.9) (layer F.SilkS) (width 0.15))
    (fp_line (start -2.25 -1.05) (end -2.25 1.05) (layer F.CrtYd) (width 0.05))
    (fp_line (start 2.25 1.05) (end -2.25 1.05) (layer F.CrtYd) (width 0.05))
    (fp_line (start 2.25 -1.05) (end 2.25 1.05) (layer F.CrtYd) (width 0.05))
    (fp_line (start -2.25 -1.05) (end 2.25 -1.05) (layer F.CrtYd) (width 0.05))
    (fp_line (start -0.3175 -0.508) (end -0.3175 0.508) (layer F.SilkS) (width 0.15))
    (fp_line (start 0.3175 0.381) (end -0.3175 0) (layer F.SilkS) (width 0.15))
    (fp_line (start 0.3175 -0.381) (end 0.3175 0.381) (layer F.SilkS) (width 0.15))
    (fp_line (start -0.3175 0) (end 0.3175 -0.381) (layer F.SilkS) (width 0.15))
    (fp_line (start -0.6985 0) (end -0.3175 0) (layer F.SilkS) (width 0.15))
    (fp_line (start 0.3175 0) (end 0.6985 0) (layer F.SilkS) (width 0.15))
    (pad 1 smd rect (at -1.635 0 270) (size 0.91 1.22) (layers Front F.Paste F.Mask)
      (net 1 COL1))
    (pad 2 smd rect (at 1.635 0 270) (size 0.91 1.22) (layers Front F.Paste F.Mask)
      (net 5 "Net-(D4-Pad2)"))
  )

  (module Diodes_SMD:SOD-123 (layer Front) (tedit 5530FCB9) (tstamp 61CA3D03)
    (at 195.5 50 270)
    (descr SOD-123)
    (tags SOD-123)
    (path /61CA1D5B)
    (attr smd)
    (fp_text reference D5 (at 0 -2 90) (layer F.SilkS)
      (effects (font (size 1 1) (thickness 0.15)))
    )
    (fp_text value D (at 0 2.1 90) (layer F.Fab)
      (effects (font (size 1 1) (thickness 0.15)))
    )
    (fp_line (start 0.3175 0) (end 0.6985 0) (layer F.SilkS) (width 0.15))
    (fp_line (start -0.6985 0) (end -0.3175 0) (layer F.SilkS) (width 0.15))
    (fp_line (start -0.3175 0) (end 0.3175 -0.381) (layer F.SilkS) (width 0.15))
    (fp_line (start 0.3175 -0.381) (end 0.3175 0.381) (layer F.SilkS) (width 0.15))
    (fp_line (start 0.3175 0.381) (end -0.3175 0) (layer F.SilkS) (width 0.15))
    (fp_line (start -0.3175 -0.508) (end -0.3175 0.508) (layer F.SilkS) (width 0.15))
    (fp_line (start -2.25 -1.05) (end 2.25 -1.05) (layer F.CrtYd) (width 0.05))
    (fp_line (start 2.25 -1.05) (end 2.25 1.05) (layer F.CrtYd) (width 0.05))
    (fp_line (start 2.25 1.05) (end -2.25 1.05) (layer F.CrtYd) (width 0.05))
    (fp_line (start -2.25 -1.05) (end -2.25 1.05) (layer F.CrtYd) (width 0.05))
    (fp_line (start -2 0.9) (end 1.54 0.9) (layer F.SilkS) (width 0.15))
    (fp_line (start -2 -0.9) (end 1.54 -0.9) (layer F.SilkS) (width 0.15))
    (pad 2 smd rect (at 1.635 0 270) (size 0.91 1.22) (layers Front F.Paste F.Mask)
      (net 6 "Net-(D5-Pad2)"))
    (pad 1 smd rect (at -1.635 0 270) (size 0.91 1.22) (layers Front F.Paste F.Mask)
      (net 1 COL1))
  )

  (module Diodes_SMD:SOD-123 (layer Front) (tedit 5530FCB9) (tstamp 61CA3D15)
    (at 195.5 70 270)
    (descr SOD-123)
    (tags SOD-123)
    (path /61CAE17E)
    (attr smd)
    (fp_text reference D6 (at 0 -2 90) (layer F.SilkS)
      (effects (font (size 1 1) (thickness 0.15)))
    )
    (fp_text value D (at 0 2.1 90) (layer F.Fab)
      (effects (font (size 1 1) (thickness 0.15)))
    )
    (fp_line (start 0.3175 0) (end 0.6985 0) (layer F.SilkS) (width 0.15))
    (fp_line (start -0.6985 0) (end -0.3175 0) (layer F.SilkS) (width 0.15))
    (fp_line (start -0.3175 0) (end 0.3175 -0.381) (layer F.SilkS) (width 0.15))
    (fp_line (start 0.3175 -0.381) (end 0.3175 0.381) (layer F.SilkS) (width 0.15))
    (fp_line (start 0.3175 0.381) (end -0.3175 0) (layer F.SilkS) (width 0.15))
    (fp_line (start -0.3175 -0.508) (end -0.3175 0.508) (layer F.SilkS) (width 0.15))
    (fp_line (start -2.25 -1.05) (end 2.25 -1.05) (layer F.CrtYd) (width 0.05))
    (fp_line (start 2.25 -1.05) (end 2.25 1.05) (layer F.CrtYd) (width 0.05))
    (fp_line (start 2.25 1.05) (end -2.25 1.05) (layer F.CrtYd) (width 0.05))
    (fp_line (start -2.25 -1.05) (end -2.25 1.05) (layer F.CrtYd) (width 0.05))
    (fp_line (start -2 0.9) (end 1.54 0.9) (layer F.SilkS) (width 0.15))
    (fp_line (start -2 -0.9) (end 1.54 -0.9) (layer F.SilkS) (width 0.15))
    (pad 2 smd rect (at 1.635 0 270) (size 0.91 1.22) (layers Front F.Paste F.Mask)
      (net 7 "Net-(D6-Pad2)"))
    (pad 1 smd rect (at -1.635 0 270) (size 0.91 1.22) (layers Front F.Paste F.Mask)
      (net 8 COL2))
  )

  (module Diodes_SMD:SOD-123 (layer Front) (tedit 5530FCB9) (tstamp 61CA3D27)
    (at 180.5 70 270)
    (descr SOD-123)
    (tags SOD-123)
    (path /61CAE16E)
    (attr smd)
    (fp_text reference D7 (at 0 -2 90) (layer F.SilkS)
      (effects (font (size 1 1) (thickness 0.15)))
    )
    (fp_text value D (at 0 2.1 90) (layer F.Fab)
      (effects (font (size 1 1) (thickness 0.15)))
    )
    (fp_line (start -2 -0.9) (end 1.54 -0.9) (layer F.SilkS) (width 0.15))
    (fp_line (start -2 0.9) (end 1.54 0.9) (layer F.SilkS) (width 0.15))
    (fp_line (start -2.25 -1.05) (end -2.25 1.05) (layer F.CrtYd) (width 0.05))
    (fp_line (start 2.25 1.05) (end -2.25 1.05) (layer F.CrtYd) (width 0.05))
    (fp_line (start 2.25 -1.05) (end 2.25 1.05) (layer F.CrtYd) (width 0.05))
    (fp_line (start -2.25 -1.05) (end 2.25 -1.05) (layer F.CrtYd) (width 0.05))
    (fp_line (start -0.3175 -0.508) (end -0.3175 0.508) (layer F.SilkS) (width 0.15))
    (fp_line (start 0.3175 0.381) (end -0.3175 0) (layer F.SilkS) (width 0.15))
    (fp_line (start 0.3175 -0.381) (end 0.3175 0.381) (layer F.SilkS) (width 0.15))
    (fp_line (start -0.3175 0) (end 0.3175 -0.381) (layer F.SilkS) (width 0.15))
    (fp_line (start -0.6985 0) (end -0.3175 0) (layer F.SilkS) (width 0.15))
    (fp_line (start 0.3175 0) (end 0.6985 0) (layer F.SilkS) (width 0.15))
    (pad 1 smd rect (at -1.635 0 270) (size 0.91 1.22) (layers Front F.Paste F.Mask)
      (net 8 COL2))
    (pad 2 smd rect (at 1.635 0 270) (size 0.91 1.22) (layers Front F.Paste F.Mask)
      (net 9 "Net-(D7-Pad2)"))
  )

  (module Diodes_SMD:SOD-123 (layer Front) (tedit 5530FCB9) (tstamp 61CA3D39)
    (at 165.5 70 270)
    (descr SOD-123)
    (tags SOD-123)
    (path /61CAE15E)
    (attr smd)
    (fp_text reference D8 (at 0 -2 90) (layer F.SilkS)
      (effects (font (size 1 1) (thickness 0.15)))
    )
    (fp_text value D (at 0 2.1 90) (layer F.Fab)
      (effects (font (size 1 1) (thickness 0.15)))
    )
    (fp_line (start 0.3175 0) (end 0.6985 0) (layer F.SilkS) (width 0.15))
    (fp_line (start -0.6985 0) (end -0.3175 0) (layer F.SilkS) (width 0.15))
    (fp_line (start -0.3175 0) (end 0.3175 -0.381) (layer F.SilkS) (width 0.15))
    (fp_line (start 0.3175 -0.381) (end 0.3175 0.381) (layer F.SilkS) (width 0.15))
    (fp_line (start 0.3175 0.381) (end -0.3175 0) (layer F.SilkS) (width 0.15))
    (fp_line (start -0.3175 -0.508) (end -0.3175 0.508) (layer F.SilkS) (width 0.15))
    (fp_line (start -2.25 -1.05) (end 2.25 -1.05) (layer F.CrtYd) (width 0.05))
    (fp_line (start 2.25 -1.05) (end 2.25 1.05) (layer F.CrtYd) (width 0.05))
    (fp_line (start 2.25 1.05) (end -2.25 1.05) (layer F.CrtYd) (width 0.05))
    (fp_line (start -2.25 -1.05) (end -2.25 1.05) (layer F.CrtYd) (width 0.05))
    (fp_line (start -2 0.9) (end 1.54 0.9) (layer F.SilkS) (width 0.15))
    (fp_line (start -2 -0.9) (end 1.54 -0.9) (layer F.SilkS) (width 0.15))
    (pad 2 smd rect (at 1.635 0 270) (size 0.91 1.22) (layers Front F.Paste F.Mask)
      (net 10 "Net-(D8-Pad2)"))
    (pad 1 smd rect (at -1.635 0 270) (size 0.91 1.22) (layers Front F.Paste F.Mask)
      (net 8 COL2))
  )

  (module Diodes_SMD:SOD-123 (layer Front) (tedit 5530FCB9) (tstamp 61CA8056)
    (at 155.5 69.6 270)
    (descr SOD-123)
    (tags SOD-123)
    (path /61CAE14C)
    (attr smd)
    (fp_text reference D9 (at 0 -2 90) (layer F.SilkS)
      (effects (font (size 1 1) (thickness 0.15)))
    )
    (fp_text value D (at 0 2.1 90) (layer F.Fab)
      (effects (font (size 1 1) (thickness 0.15)))
    )
    (fp_line (start 0.3175 0) (end 0.6985 0) (layer F.SilkS) (width 0.15))
    (fp_line (start -0.6985 0) (end -0.3175 0) (layer F.SilkS) (width 0.15))
    (fp_line (start -0.3175 0) (end 0.3175 -0.381) (layer F.SilkS) (width 0.15))
    (fp_line (start 0.3175 -0.381) (end 0.3175 0.381) (layer F.SilkS) (width 0.15))
    (fp_line (start 0.3175 0.381) (end -0.3175 0) (layer F.SilkS) (width 0.15))
    (fp_line (start -0.3175 -0.508) (end -0.3175 0.508) (layer F.SilkS) (width 0.15))
    (fp_line (start -2.25 -1.05) (end 2.25 -1.05) (layer F.CrtYd) (width 0.05))
    (fp_line (start 2.25 -1.05) (end 2.25 1.05) (layer F.CrtYd) (width 0.05))
    (fp_line (start 2.25 1.05) (end -2.25 1.05) (layer F.CrtYd) (width 0.05))
    (fp_line (start -2.25 -1.05) (end -2.25 1.05) (layer F.CrtYd) (width 0.05))
    (fp_line (start -2 0.9) (end 1.54 0.9) (layer F.SilkS) (width 0.15))
    (fp_line (start -2 -0.9) (end 1.54 -0.9) (layer F.SilkS) (width 0.15))
    (pad 2 smd rect (at 1.635 0 270) (size 0.91 1.22) (layers Front F.Paste F.Mask)
      (net 11 "Net-(D9-Pad2)"))
    (pad 1 smd rect (at -1.635 0 270) (size 0.91 1.22) (layers Front F.Paste F.Mask)
      (net 8 COL2))
  )

  (module Diodes_SMD:SOD-123 (layer Front) (tedit 5530FCB9) (tstamp 61CA8023)
    (at 145.5 59.6 270)
    (descr SOD-123)
    (tags SOD-123)
    (path /61CAE13C)
    (attr smd)
    (fp_text reference D10 (at 0 -2 90) (layer F.SilkS)
      (effects (font (size 1 1) (thickness 0.15)))
    )
    (fp_text value D (at 0 2.1 90) (layer F.Fab)
      (effects (font (size 1 1) (thickness 0.15)))
    )
    (fp_line (start 0.3175 0) (end 0.6985 0) (layer F.SilkS) (width 0.15))
    (fp_line (start -0.6985 0) (end -0.3175 0) (layer F.SilkS) (width 0.15))
    (fp_line (start -0.3175 0) (end 0.3175 -0.381) (layer F.SilkS) (width 0.15))
    (fp_line (start 0.3175 -0.381) (end 0.3175 0.381) (layer F.SilkS) (width 0.15))
    (fp_line (start 0.3175 0.381) (end -0.3175 0) (layer F.SilkS) (width 0.15))
    (fp_line (start -0.3175 -0.508) (end -0.3175 0.508) (layer F.SilkS) (width 0.15))
    (fp_line (start -2.25 -1.05) (end 2.25 -1.05) (layer F.CrtYd) (width 0.05))
    (fp_line (start 2.25 -1.05) (end 2.25 1.05) (layer F.CrtYd) (width 0.05))
    (fp_line (start 2.25 1.05) (end -2.25 1.05) (layer F.CrtYd) (width 0.05))
    (fp_line (start -2.25 -1.05) (end -2.25 1.05) (layer F.CrtYd) (width 0.05))
    (fp_line (start -2 0.9) (end 1.54 0.9) (layer F.SilkS) (width 0.15))
    (fp_line (start -2 -0.9) (end 1.54 -0.9) (layer F.SilkS) (width 0.15))
    (pad 2 smd rect (at 1.635 0 270) (size 0.91 1.22) (layers Front F.Paste F.Mask)
      (net 12 "Net-(D10-Pad2)"))
    (pad 1 smd rect (at -1.635 0 270) (size 0.91 1.22) (layers Front F.Paste F.Mask)
      (net 8 COL2))
  )

  (module Diodes_SMD:SOD-123 (layer Front) (tedit 5530FCB9) (tstamp 61CA3D6F)
    (at 195.5 80 270)
    (descr SOD-123)
    (tags SOD-123)
    (path /61CBEAC0)
    (attr smd)
    (fp_text reference D11 (at 0 -2 90) (layer F.SilkS)
      (effects (font (size 1 1) (thickness 0.15)))
    )
    (fp_text value D (at 0 2.1 90) (layer F.Fab)
      (effects (font (size 1 1) (thickness 0.15)))
    )
    (fp_line (start 0.3175 0) (end 0.6985 0) (layer F.SilkS) (width 0.15))
    (fp_line (start -0.6985 0) (end -0.3175 0) (layer F.SilkS) (width 0.15))
    (fp_line (start -0.3175 0) (end 0.3175 -0.381) (layer F.SilkS) (width 0.15))
    (fp_line (start 0.3175 -0.381) (end 0.3175 0.381) (layer F.SilkS) (width 0.15))
    (fp_line (start 0.3175 0.381) (end -0.3175 0) (layer F.SilkS) (width 0.15))
    (fp_line (start -0.3175 -0.508) (end -0.3175 0.508) (layer F.SilkS) (width 0.15))
    (fp_line (start -2.25 -1.05) (end 2.25 -1.05) (layer F.CrtYd) (width 0.05))
    (fp_line (start 2.25 -1.05) (end 2.25 1.05) (layer F.CrtYd) (width 0.05))
    (fp_line (start 2.25 1.05) (end -2.25 1.05) (layer F.CrtYd) (width 0.05))
    (fp_line (start -2.25 -1.05) (end -2.25 1.05) (layer F.CrtYd) (width 0.05))
    (fp_line (start -2 0.9) (end 1.54 0.9) (layer F.SilkS) (width 0.15))
    (fp_line (start -2 -0.9) (end 1.54 -0.9) (layer F.SilkS) (width 0.15))
    (pad 2 smd rect (at 1.635 0 270) (size 0.91 1.22) (layers Front F.Paste F.Mask)
      (net 13 "Net-(D11-Pad2)"))
    (pad 1 smd rect (at -1.635 0 270) (size 0.91 1.22) (layers Front F.Paste F.Mask)
      (net 14 COL3))
  )

  (module Diodes_SMD:SOD-123 (layer Front) (tedit 5530FCB9) (tstamp 61CA3D81)
    (at 180.5 80 270)
    (descr SOD-123)
    (tags SOD-123)
    (path /61CBEAD0)
    (attr smd)
    (fp_text reference D12 (at 0 -2 90) (layer F.SilkS)
      (effects (font (size 1 1) (thickness 0.15)))
    )
    (fp_text value D (at 0 2.1 90) (layer F.Fab)
      (effects (font (size 1 1) (thickness 0.15)))
    )
    (fp_line (start 0.3175 0) (end 0.6985 0) (layer F.SilkS) (width 0.15))
    (fp_line (start -0.6985 0) (end -0.3175 0) (layer F.SilkS) (width 0.15))
    (fp_line (start -0.3175 0) (end 0.3175 -0.381) (layer F.SilkS) (width 0.15))
    (fp_line (start 0.3175 -0.381) (end 0.3175 0.381) (layer F.SilkS) (width 0.15))
    (fp_line (start 0.3175 0.381) (end -0.3175 0) (layer F.SilkS) (width 0.15))
    (fp_line (start -0.3175 -0.508) (end -0.3175 0.508) (layer F.SilkS) (width 0.15))
    (fp_line (start -2.25 -1.05) (end 2.25 -1.05) (layer F.CrtYd) (width 0.05))
    (fp_line (start 2.25 -1.05) (end 2.25 1.05) (layer F.CrtYd) (width 0.05))
    (fp_line (start 2.25 1.05) (end -2.25 1.05) (layer F.CrtYd) (width 0.05))
    (fp_line (start -2.25 -1.05) (end -2.25 1.05) (layer F.CrtYd) (width 0.05))
    (fp_line (start -2 0.9) (end 1.54 0.9) (layer F.SilkS) (width 0.15))
    (fp_line (start -2 -0.9) (end 1.54 -0.9) (layer F.SilkS) (width 0.15))
    (pad 2 smd rect (at 1.635 0 270) (size 0.91 1.22) (layers Front F.Paste F.Mask)
      (net 15 "Net-(D12-Pad2)"))
    (pad 1 smd rect (at -1.635 0 270) (size 0.91 1.22) (layers Front F.Paste F.Mask)
      (net 14 COL3))
  )

  (module Diodes_SMD:SOD-123 (layer Front) (tedit 5530FCB9) (tstamp 61CA3D93)
    (at 165.5 80 270)
    (descr SOD-123)
    (tags SOD-123)
    (path /61CBEAE0)
    (attr smd)
    (fp_text reference D13 (at 0 -2 90) (layer F.SilkS)
      (effects (font (size 1 1) (thickness 0.15)))
    )
    (fp_text value D (at 0 2.1 90) (layer F.Fab)
      (effects (font (size 1 1) (thickness 0.15)))
    )
    (fp_line (start -2 -0.9) (end 1.54 -0.9) (layer F.SilkS) (width 0.15))
    (fp_line (start -2 0.9) (end 1.54 0.9) (layer F.SilkS) (width 0.15))
    (fp_line (start -2.25 -1.05) (end -2.25 1.05) (layer F.CrtYd) (width 0.05))
    (fp_line (start 2.25 1.05) (end -2.25 1.05) (layer F.CrtYd) (width 0.05))
    (fp_line (start 2.25 -1.05) (end 2.25 1.05) (layer F.CrtYd) (width 0.05))
    (fp_line (start -2.25 -1.05) (end 2.25 -1.05) (layer F.CrtYd) (width 0.05))
    (fp_line (start -0.3175 -0.508) (end -0.3175 0.508) (layer F.SilkS) (width 0.15))
    (fp_line (start 0.3175 0.381) (end -0.3175 0) (layer F.SilkS) (width 0.15))
    (fp_line (start 0.3175 -0.381) (end 0.3175 0.381) (layer F.SilkS) (width 0.15))
    (fp_line (start -0.3175 0) (end 0.3175 -0.381) (layer F.SilkS) (width 0.15))
    (fp_line (start -0.6985 0) (end -0.3175 0) (layer F.SilkS) (width 0.15))
    (fp_line (start 0.3175 0) (end 0.6985 0) (layer F.SilkS) (width 0.15))
    (pad 1 smd rect (at -1.635 0 270) (size 0.91 1.22) (layers Front F.Paste F.Mask)
      (net 14 COL3))
    (pad 2 smd rect (at 1.635 0 270) (size 0.91 1.22) (layers Front F.Paste F.Mask)
      (net 16 "Net-(D13-Pad2)"))
  )

  (module Diodes_SMD:SOD-123 (layer Front) (tedit 5530FCB9) (tstamp 61CA8089)
    (at 145.5 79.6 270)
    (descr SOD-123)
    (tags SOD-123)
    (path /61CBEAF2)
    (attr smd)
    (fp_text reference D14 (at 0 -2 90) (layer F.SilkS)
      (effects (font (size 1 1) (thickness 0.15)))
    )
    (fp_text value D (at 0 2.1 90) (layer F.Fab)
      (effects (font (size 1 1) (thickness 0.15)))
    )
    (fp_line (start 0.3175 0) (end 0.6985 0) (layer F.SilkS) (width 0.15))
    (fp_line (start -0.6985 0) (end -0.3175 0) (layer F.SilkS) (width 0.15))
    (fp_line (start -0.3175 0) (end 0.3175 -0.381) (layer F.SilkS) (width 0.15))
    (fp_line (start 0.3175 -0.381) (end 0.3175 0.381) (layer F.SilkS) (width 0.15))
    (fp_line (start 0.3175 0.381) (end -0.3175 0) (layer F.SilkS) (width 0.15))
    (fp_line (start -0.3175 -0.508) (end -0.3175 0.508) (layer F.SilkS) (width 0.15))
    (fp_line (start -2.25 -1.05) (end 2.25 -1.05) (layer F.CrtYd) (width 0.05))
    (fp_line (start 2.25 -1.05) (end 2.25 1.05) (layer F.CrtYd) (width 0.05))
    (fp_line (start 2.25 1.05) (end -2.25 1.05) (layer F.CrtYd) (width 0.05))
    (fp_line (start -2.25 -1.05) (end -2.25 1.05) (layer F.CrtYd) (width 0.05))
    (fp_line (start -2 0.9) (end 1.54 0.9) (layer F.SilkS) (width 0.15))
    (fp_line (start -2 -0.9) (end 1.54 -0.9) (layer F.SilkS) (width 0.15))
    (pad 2 smd rect (at 1.635 0 270) (size 0.91 1.22) (layers Front F.Paste F.Mask)
      (net 17 "Net-(D14-Pad2)"))
    (pad 1 smd rect (at -1.635 0 270) (size 0.91 1.22) (layers Front F.Paste F.Mask)
      (net 14 COL3))
  )

  (module Diodes_SMD:SOD-123 (layer Front) (tedit 5530FCB9) (tstamp 61CA7FF0)
    (at 135.5 69.6 270)
    (descr SOD-123)
    (tags SOD-123)
    (path /61CBEB02)
    (attr smd)
    (fp_text reference D15 (at 0 -2 90) (layer F.SilkS)
      (effects (font (size 1 1) (thickness 0.15)))
    )
    (fp_text value D (at 0 2.1 90) (layer F.Fab)
      (effects (font (size 1 1) (thickness 0.15)))
    )
    (fp_line (start 0.3175 0) (end 0.6985 0) (layer F.SilkS) (width 0.15))
    (fp_line (start -0.6985 0) (end -0.3175 0) (layer F.SilkS) (width 0.15))
    (fp_line (start -0.3175 0) (end 0.3175 -0.381) (layer F.SilkS) (width 0.15))
    (fp_line (start 0.3175 -0.381) (end 0.3175 0.381) (layer F.SilkS) (width 0.15))
    (fp_line (start 0.3175 0.381) (end -0.3175 0) (layer F.SilkS) (width 0.15))
    (fp_line (start -0.3175 -0.508) (end -0.3175 0.508) (layer F.SilkS) (width 0.15))
    (fp_line (start -2.25 -1.05) (end 2.25 -1.05) (layer F.CrtYd) (width 0.05))
    (fp_line (start 2.25 -1.05) (end 2.25 1.05) (layer F.CrtYd) (width 0.05))
    (fp_line (start 2.25 1.05) (end -2.25 1.05) (layer F.CrtYd) (width 0.05))
    (fp_line (start -2.25 -1.05) (end -2.25 1.05) (layer F.CrtYd) (width 0.05))
    (fp_line (start -2 0.9) (end 1.54 0.9) (layer F.SilkS) (width 0.15))
    (fp_line (start -2 -0.9) (end 1.54 -0.9) (layer F.SilkS) (width 0.15))
    (pad 2 smd rect (at 1.635 0 270) (size 0.91 1.22) (layers Front F.Paste F.Mask)
      (net 18 "Net-(D15-Pad2)"))
    (pad 1 smd rect (at -1.635 0 270) (size 0.91 1.22) (layers Front F.Paste F.Mask)
      (net 14 COL3))
  )

  (module Diodes_SMD:SOD-123 (layer Front) (tedit 5530FCB9) (tstamp 61CA3DC9)
    (at 195.5 90 270)
    (descr SOD-123)
    (tags SOD-123)
    (path /61CBEA67)
    (attr smd)
    (fp_text reference D16 (at 0 -2 90) (layer F.SilkS)
      (effects (font (size 1 1) (thickness 0.15)))
    )
    (fp_text value D (at 0 2.1 90) (layer F.Fab)
      (effects (font (size 1 1) (thickness 0.15)))
    )
    (fp_line (start 0.3175 0) (end 0.6985 0) (layer F.SilkS) (width 0.15))
    (fp_line (start -0.6985 0) (end -0.3175 0) (layer F.SilkS) (width 0.15))
    (fp_line (start -0.3175 0) (end 0.3175 -0.381) (layer F.SilkS) (width 0.15))
    (fp_line (start 0.3175 -0.381) (end 0.3175 0.381) (layer F.SilkS) (width 0.15))
    (fp_line (start 0.3175 0.381) (end -0.3175 0) (layer F.SilkS) (width 0.15))
    (fp_line (start -0.3175 -0.508) (end -0.3175 0.508) (layer F.SilkS) (width 0.15))
    (fp_line (start -2.25 -1.05) (end 2.25 -1.05) (layer F.CrtYd) (width 0.05))
    (fp_line (start 2.25 -1.05) (end 2.25 1.05) (layer F.CrtYd) (width 0.05))
    (fp_line (start 2.25 1.05) (end -2.25 1.05) (layer F.CrtYd) (width 0.05))
    (fp_line (start -2.25 -1.05) (end -2.25 1.05) (layer F.CrtYd) (width 0.05))
    (fp_line (start -2 0.9) (end 1.54 0.9) (layer F.SilkS) (width 0.15))
    (fp_line (start -2 -0.9) (end 1.54 -0.9) (layer F.SilkS) (width 0.15))
    (pad 2 smd rect (at 1.635 0 270) (size 0.91 1.22) (layers Front F.Paste F.Mask)
      (net 19 "Net-(D16-Pad2)"))
    (pad 1 smd rect (at -1.635 0 270) (size 0.91 1.22) (layers Front F.Paste F.Mask)
      (net 20 COL4))
  )

  (module Diodes_SMD:SOD-123 (layer Front) (tedit 5530FCB9) (tstamp 61CA3DDB)
    (at 180.5 90 270)
    (descr SOD-123)
    (tags SOD-123)
    (path /61CBEA77)
    (attr smd)
    (fp_text reference D17 (at 0 -2 90) (layer F.SilkS)
      (effects (font (size 1 1) (thickness 0.15)))
    )
    (fp_text value D (at 0 2.1 90) (layer F.Fab)
      (effects (font (size 1 1) (thickness 0.15)))
    )
    (fp_line (start 0.3175 0) (end 0.6985 0) (layer F.SilkS) (width 0.15))
    (fp_line (start -0.6985 0) (end -0.3175 0) (layer F.SilkS) (width 0.15))
    (fp_line (start -0.3175 0) (end 0.3175 -0.381) (layer F.SilkS) (width 0.15))
    (fp_line (start 0.3175 -0.381) (end 0.3175 0.381) (layer F.SilkS) (width 0.15))
    (fp_line (start 0.3175 0.381) (end -0.3175 0) (layer F.SilkS) (width 0.15))
    (fp_line (start -0.3175 -0.508) (end -0.3175 0.508) (layer F.SilkS) (width 0.15))
    (fp_line (start -2.25 -1.05) (end 2.25 -1.05) (layer F.CrtYd) (width 0.05))
    (fp_line (start 2.25 -1.05) (end 2.25 1.05) (layer F.CrtYd) (width 0.05))
    (fp_line (start 2.25 1.05) (end -2.25 1.05) (layer F.CrtYd) (width 0.05))
    (fp_line (start -2.25 -1.05) (end -2.25 1.05) (layer F.CrtYd) (width 0.05))
    (fp_line (start -2 0.9) (end 1.54 0.9) (layer F.SilkS) (width 0.15))
    (fp_line (start -2 -0.9) (end 1.54 -0.9) (layer F.SilkS) (width 0.15))
    (pad 2 smd rect (at 1.635 0 270) (size 0.91 1.22) (layers Front F.Paste F.Mask)
      (net 21 "Net-(D17-Pad2)"))
    (pad 1 smd rect (at -1.635 0 270) (size 0.91 1.22) (layers Front F.Paste F.Mask)
      (net 20 COL4))
  )

  (module Diodes_SMD:SOD-123 (layer Front) (tedit 5530FCB9) (tstamp 61CA3DED)
    (at 165.5 90 270)
    (descr SOD-123)
    (tags SOD-123)
    (path /61CBEA87)
    (attr smd)
    (fp_text reference D18 (at 0 -2 90) (layer F.SilkS)
      (effects (font (size 1 1) (thickness 0.15)))
    )
    (fp_text value D (at 0 2.1 90) (layer F.Fab)
      (effects (font (size 1 1) (thickness 0.15)))
    )
    (fp_line (start 0.3175 0) (end 0.6985 0) (layer F.SilkS) (width 0.15))
    (fp_line (start -0.6985 0) (end -0.3175 0) (layer F.SilkS) (width 0.15))
    (fp_line (start -0.3175 0) (end 0.3175 -0.381) (layer F.SilkS) (width 0.15))
    (fp_line (start 0.3175 -0.381) (end 0.3175 0.381) (layer F.SilkS) (width 0.15))
    (fp_line (start 0.3175 0.381) (end -0.3175 0) (layer F.SilkS) (width 0.15))
    (fp_line (start -0.3175 -0.508) (end -0.3175 0.508) (layer F.SilkS) (width 0.15))
    (fp_line (start -2.25 -1.05) (end 2.25 -1.05) (layer F.CrtYd) (width 0.05))
    (fp_line (start 2.25 -1.05) (end 2.25 1.05) (layer F.CrtYd) (width 0.05))
    (fp_line (start 2.25 1.05) (end -2.25 1.05) (layer F.CrtYd) (width 0.05))
    (fp_line (start -2.25 -1.05) (end -2.25 1.05) (layer F.CrtYd) (width 0.05))
    (fp_line (start -2 0.9) (end 1.54 0.9) (layer F.SilkS) (width 0.15))
    (fp_line (start -2 -0.9) (end 1.54 -0.9) (layer F.SilkS) (width 0.15))
    (pad 2 smd rect (at 1.635 0 270) (size 0.91 1.22) (layers Front F.Paste F.Mask)
      (net 22 "Net-(D18-Pad2)"))
    (pad 1 smd rect (at -1.635 0 270) (size 0.91 1.22) (layers Front F.Paste F.Mask)
      (net 20 COL4))
  )

  (module Diodes_SMD:SOD-123 (layer Front) (tedit 5530FCB9) (tstamp 61CA3DFF)
    (at 150.5 90 270)
    (descr SOD-123)
    (tags SOD-123)
    (path /61CBEA99)
    (attr smd)
    (fp_text reference D19 (at 0 -2 270) (layer F.SilkS)
      (effects (font (size 1 1) (thickness 0.15)))
    )
    (fp_text value D (at 0 2.1 90) (layer F.Fab)
      (effects (font (size 1 1) (thickness 0.15)))
    )
    (fp_line (start 0.3175 0) (end 0.6985 0) (layer F.SilkS) (width 0.15))
    (fp_line (start -0.6985 0) (end -0.3175 0) (layer F.SilkS) (width 0.15))
    (fp_line (start -0.3175 0) (end 0.3175 -0.381) (layer F.SilkS) (width 0.15))
    (fp_line (start 0.3175 -0.381) (end 0.3175 0.381) (layer F.SilkS) (width 0.15))
    (fp_line (start 0.3175 0.381) (end -0.3175 0) (layer F.SilkS) (width 0.15))
    (fp_line (start -0.3175 -0.508) (end -0.3175 0.508) (layer F.SilkS) (width 0.15))
    (fp_line (start -2.25 -1.05) (end 2.25 -1.05) (layer F.CrtYd) (width 0.05))
    (fp_line (start 2.25 -1.05) (end 2.25 1.05) (layer F.CrtYd) (width 0.05))
    (fp_line (start 2.25 1.05) (end -2.25 1.05) (layer F.CrtYd) (width 0.05))
    (fp_line (start -2.25 -1.05) (end -2.25 1.05) (layer F.CrtYd) (width 0.05))
    (fp_line (start -2 0.9) (end 1.54 0.9) (layer F.SilkS) (width 0.15))
    (fp_line (start -2 -0.9) (end 1.54 -0.9) (layer F.SilkS) (width 0.15))
    (pad 2 smd rect (at 1.635 0 270) (size 0.91 1.22) (layers Front F.Paste F.Mask)
      (net 23 "Net-(D19-Pad2)"))
    (pad 1 smd rect (at -1.635 0 270) (size 0.91 1.22) (layers Front F.Paste F.Mask)
      (net 20 COL4))
  )

  (module Diodes_SMD:SOD-123 (layer Front) (tedit 5530FCB9) (tstamp 61CA3E11)
    (at 135.5 90 270)
    (descr SOD-123)
    (tags SOD-123)
    (path /61CBEAA9)
    (attr smd)
    (fp_text reference D20 (at 0 -2 90) (layer F.SilkS)
      (effects (font (size 1 1) (thickness 0.15)))
    )
    (fp_text value D (at 0 2.1 90) (layer F.Fab)
      (effects (font (size 1 1) (thickness 0.15)))
    )
    (fp_line (start 0.3175 0) (end 0.6985 0) (layer F.SilkS) (width 0.15))
    (fp_line (start -0.6985 0) (end -0.3175 0) (layer F.SilkS) (width 0.15))
    (fp_line (start -0.3175 0) (end 0.3175 -0.381) (layer F.SilkS) (width 0.15))
    (fp_line (start 0.3175 -0.381) (end 0.3175 0.381) (layer F.SilkS) (width 0.15))
    (fp_line (start 0.3175 0.381) (end -0.3175 0) (layer F.SilkS) (width 0.15))
    (fp_line (start -0.3175 -0.508) (end -0.3175 0.508) (layer F.SilkS) (width 0.15))
    (fp_line (start -2.25 -1.05) (end 2.25 -1.05) (layer F.CrtYd) (width 0.05))
    (fp_line (start 2.25 -1.05) (end 2.25 1.05) (layer F.CrtYd) (width 0.05))
    (fp_line (start 2.25 1.05) (end -2.25 1.05) (layer F.CrtYd) (width 0.05))
    (fp_line (start -2.25 -1.05) (end -2.25 1.05) (layer F.CrtYd) (width 0.05))
    (fp_line (start -2 0.9) (end 1.54 0.9) (layer F.SilkS) (width 0.15))
    (fp_line (start -2 -0.9) (end 1.54 -0.9) (layer F.SilkS) (width 0.15))
    (pad 2 smd rect (at 1.635 0 270) (size 0.91 1.22) (layers Front F.Paste F.Mask)
      (net 24 "Net-(D20-Pad2)"))
    (pad 1 smd rect (at -1.635 0 270) (size 0.91 1.22) (layers Front F.Paste F.Mask)
      (net 20 COL4))
  )

  (module Diodes_SMD:SOD-123 (layer Front) (tedit 5530FCB9) (tstamp 61CA3E23)
    (at 195.5 100 270)
    (descr SOD-123)
    (tags SOD-123)
    (path /61CEA476)
    (attr smd)
    (fp_text reference D21 (at 0 -2 90) (layer F.SilkS)
      (effects (font (size 1 1) (thickness 0.15)))
    )
    (fp_text value D (at 0 2.1 90) (layer F.Fab)
      (effects (font (size 1 1) (thickness 0.15)))
    )
    (fp_line (start 0.3175 0) (end 0.6985 0) (layer F.SilkS) (width 0.15))
    (fp_line (start -0.6985 0) (end -0.3175 0) (layer F.SilkS) (width 0.15))
    (fp_line (start -0.3175 0) (end 0.3175 -0.381) (layer F.SilkS) (width 0.15))
